0.00
0.00
0.00
0.00
0.00
0.00
0.00
0.09
0.00
0.00
0.00
0.00
0.00
0.00
0.00
0.00
0.00
0.00
0.00
0.00
0.00
0.00
0.00
0.00
0.09
0.00
0.00
0.00
0.00
0.00
0.00
0.00
0.00
0.00
0.00
0.00
0.00
0.00
0.00
0.00
0.00
0.00
0.00
0.00
0.00
0.09
0.09
0.00
0.00
0.00
0.00
0.26
0.35
0.00
0.26
0.09
0.09
3.96
19.78
32.43
42.45
54.67
56.60
56.51
56.60
56.34
52.82
42.28
41.92
34.54
25.93
21.01
20.92
20.92
20.92
20.92
24.08
33.22
43.24
58.80
61.96
61.96
61.88
61.88
62.40
66.97
72.69
72.95
72.95
72.95
72.42
71.46
65.57
56.25
46.67
44.30
44.30
44.47
40.43
35.95
35.95
35.68
36.47
46.58
51.06
51.06
51.06
51.06
51.06
51.06
51.06
51.06
51.06
51.06
51.06
51.06
51.06
51.06
51.06
51.06
51.06
51.06
51.06
